 (서울)"
 8년 이상)"
 APJ ECT SA"
 Backend (BaaS)"
 Back-end Engineer (풀필먼트)"
 DCO (Data Center Operations)
 Google Cloud"
 HR 매니저(HR Lead)"
 ICN - DCEO"
 ICN"
 Investment Management 총괄)"
 Java 백앤드) 개발자"
 Jeju
 Professional Services Korea"
 Professional Services"
 Seoul
 VC
 서울"
 시니어 레벨)"
 신입가능)"
 영미권 마케터"
 운영자 (7년 이상)"
 주니어"
 카드)"
 파이썬)"
10017
10077
10102
1014
1016
10197
10228
1025
10310
10313
10338
10386
10499
1053
10750
10997
1102
11023
11067
11163
11222
11292
11372
11413
11881
11982
12054
12097
12230
12244
1244
1245
12482
12521
12829
12945
1311
13193
1322
13265
13316
1343
13514
137
13751
138
13827
140
1422
14284
143
1450
14509
14708
1488
14963
14977
15095
15208
1533
15353
15584
15652
15667
15685
157
1571
15746
15830
16017
162
16324
1698
17254
1732
17535
1760
17622
17706
1776
17798
17898
17984
18005
1810
18144
18281
18369
18482
1862
193
19324
19386
1939
1982
20100
20151
20170
20306
20311
20337
20374
20542
20875
20947
21
21112
21332
21551
22005
22087
22237
22339
22405
22463
22550
22626
22699
22800
22835
2311
23156
23211
23224
23419
23484
23504
2351
23842
24121
24188
24511
24599
24602
24791
25032
25062
25081
25239
2529
2541
2569
25693
25775
258
25803
2585
26028
2608
26113
2623
26238
27040
27043
27173
27611
27704
27713
27723
27814
28082
282
28235
2854
28564
28576
28685
287
28982
28993
2902
29542
29738
2977
29905
30009
30031
30062
30215
30311
3033
3059
30968
31149
31150
31714
32100
32188
32429
32455
3257
32704
32792
3317
332
33428
33615
33659
3380
33868
34026
34474
34702
34926
35185
35534
35560
35883
36025
3626
36344
36589
36653
36954
37151
37159
3716
37235
37693
37838
38
3809
38281
3899
39354
39505
39509
3959
39644
4043
4079
4088
4095
41021
411
41389
41565
41584
41672
4169
41740
4205
4250
426
42616
42702
429
43143
4315
43225
43240
43271
43294
43589
43618
4376
438
44255
44300
44474
44554
44594
44953
45460
459
45957
46564
46708
46939
47104
47134
47203
473
47417
47584
476
47709
47757
48188
48247
48542
48720
48878
49
49058
49060
49624
49708
49751
5
50035
50084
50092
50357
50369
50456
50560
50605
50831
50871
50965
51137
51267
51311
51481
516
51834
51890
5209
52218
52346
52490
5252
528
52830
53
53007
53010
53132
53181
53238
53252
53473
53721
53867
5390
53924
53927
54033
54296
54330
54391
54658
55061
55128
55278
56023
56337
56453
56472
56593
56598
56929
56943
56945
56951
56962
57119
57120
57125
57246
57275
57369
57433
57478
57529
57537
57812
57820
57916
57940
58010
58013
58056
58079
58134
58246
58251
58252
58253
58258
58275
58288
58290
58292
58295
58297
58319
58322
58331
58332
58338
589
593
5932
60
6073
63
634
645
6788
6817
6889
696
700
7062
7066
7243
73
7479
771
7835
79
8
81
8171
8221
847
859
8794
8953
898
90
902
926
9316
9371
94
9637
9684
97
Growth Manager (DeFi 기획/운영)"
R&D 과제 운영 담당 사무행정(PM)"
세무 담당자 (4~7년)"
